#----------------------------------------------------------------------
# Basis Set Exchange
# Version 0.11
# https://www.basissetexchange.org
#----------------------------------------------------------------------
#   Basis set: cc-pVTZ
# Description: cc-pVTZ
#        Role: orbital
#     Version: 1  (Data from ccRepo/Grant Hill)
#----------------------------------------------------------------------


# Hydrogen cc-pVTZ (5s,2p,1d) -> [3s,2p,1d]
H cc-pVTZ
    3
1 0 0 5 3
      3.387000E+01           0.000000E+00           6.068000E-03           0.000000E+00
      5.095000E+00           0.000000E+00           4.530800E-02           0.000000E+00
      1.159000E+00           0.000000E+00           2.028220E-01           0.000000E+00
      3.258000E-01           1.000000E+00           5.039030E-01           0.000000E+00
      1.027000E-01           0.000000E+00           3.834210E-01           1.000000E+00
1 1 1 2 2
      1.407000E+00           1.000000E+00           0.000000E+00
      3.880000E-01           0.000000E+00           1.000000E+00
1 2 2 1 1
      1.057000E+00           1.0000000

# Carbon cc-pVTZ (10s,5p,2d,1f) -> [4s,3p,2d,1f]
C cc-pVTZ
    4
1 0 0 10 4
      8.236000E+03           5.310000E-04           0.000000E+00          -1.130000E-04           0.000000E+00
      1.235000E+03           4.108000E-03           0.000000E+00          -8.780000E-04           0.000000E+00
      2.808000E+02           2.108700E-02           0.000000E+00          -4.540000E-03           0.000000E+00
      7.927000E+01           8.185300E-02           0.000000E+00          -1.813300E-02           0.000000E+00
      2.559000E+01           2.348170E-01           0.000000E+00          -5.576000E-02           0.000000E+00
      8.997000E+00           4.344010E-01           0.000000E+00          -1.268950E-01           0.000000E+00
      3.319000E+00           3.461290E-01           0.000000E+00          -1.703520E-01           0.000000E+00
      9.059000E-01           3.937800E-02           1.000000E+00           1.403820E-01           0.000000E+00
      3.643000E-01          -8.983000E-03           0.000000E+00           5.986840E-01           0.000000E+00
      1.285000E-01           2.385000E-03           0.000000E+00           3.953890E-01           1.000000E+00
1 1 1 5 3
      1.871000E+01           0.000000E+00           1.403100E-02           0.000000E+00
      4.133000E+00           0.000000E+00           8.686600E-02           0.000000E+00
      1.200000E+00           0.000000E+00           2.902160E-01           0.000000E+00
      3.827000E-01           1.000000E+00           5.010080E-01           0.000000E+00
      1.209000E-01           0.000000E+00           3.434060E-01           1.000000E+00
1 2 2 2 2
      1.097000E+00           1.000000E+00           0.000000E+00
      3.180000E-01           0.000000E+00           1.000000E+00
1 3 3 1 1
      7.610000E-01           1.0000000

# Oxygen cc-pVTZ (10s,5p,2d,1f) -> [4s,3p,2d,1f]
O cc-pVTZ
    4
1 0 0 10 4
      1.533000E+04           5.080000E-04           0.000000E+00          -1.150000E-04           0.000000E+00
      2.299000E+03           3.929000E-03           0.000000E+00          -8.950000E-04           0.000000E+00
      5.224000E+02           2.024300E-02           0.000000E+00          -4.636000E-03           0.000000E+00
      1.473000E+02           7.918100E-02           0.000000E+00          -1.872400E-02           0.000000E+00
      4.755000E+01           2.306870E-01           0.000000E+00          -5.846300E-02           0.000000E+00
      1.676000E+01           4.331180E-01           0.000000E+00          -1.364630E-01           0.000000E+00
      6.207000E+00           3.502600E-01           0.000000E+00          -1.757400E-01           0.000000E+00
      1.752000E+00           4.272800E-02           1.000000E+00           1.609340E-01           0.000000E+00
      6.882000E-01          -8.154000E-03           0.000000E+00           6.034180E-01           0.000000E+00
      2.384000E-01           2.381000E-03           0.000000E+00           3.787650E-01           1.000000E+00
1 1 1 5 3
      3.446000E+01           0.000000E+00           1.592800E-02           0.000000E+00
      7.749000E+00           0.000000E+00           9.974000E-02           0.000000E+00
      2.280000E+00           0.000000E+00           3.104920E-01           0.000000E+00
      7.156000E-01           1.000000E+00           4.910260E-01           0.000000E+00
      2.140000E-01           0.000000E+00           3.363370E-01           1.000000E+00
1 2 2 2 2
      2.314000E+00           1.000000E+00           0.000000E+00
      6.450000E-01           0.000000E+00           1.000000E+00
1 3 3 1 1
      1.428000E+00           1.0000000


#----------------------------------------------------------------------
# Basis Set Exchange
# Version 0.11
# https://www.basissetexchange.org
#----------------------------------------------------------------------
#   Basis set: cc-pVTZ-RIFIT
# Description: RI Fitting basis for use with cc-pVTZ
#        Role: rifit
#     Version: 1  (Data from Turbomole 7.3)
#----------------------------------------------------------------------


# Hydrogen cc-pVTZ-RIFIT (4s,3p,2d,1f) -> [4s,3p,2d,1f]
H cc-pVTZ-RIFIT
    10
1 0 0 1 1
      8.5128275910           1.0000000
1 0 0 1 1
      1.8730891166           1.0000000
1 0 0 1 1
      0.52618426941          1.0000000
1 0 0 1 1
      0.28973989936          1.0000000
1 1 1 1 1
      2.3725491635           1.0000000
1 1 1 1 1
      1.1804084468           1.0000000
1 1 1 1 1
      0.60382204241          1.0000000
1 2 2 1 1
      1.8096373189           1.0000000
1 2 2 1 1
      1.1439726055           1.0000000
1 3 3 1 1
      1.8063060576           1.0000000

# Carbon cc-pVTZ-RIFIT (8s,6p,5d,3f,1g) -> [8s,6p,5d,3f,1g]
C cc-pVTZ-RIFIT
    23
1 0 0 1 1
    280.55661188             1.0000000
1 0 0 1 1
     60.230247191            1.0000000
1 0 0 1 1
     22.116650824            1.0000000
1 0 0 1 1
      6.8620932896           1.0000000
1 0 0 1 1
      1.5622549539           1.0000000
1 0 0 1 1
      0.91245045495          1.0000000
1 0 0 1 1
      0.50274917044          1.0000000
1 0 0 1 1
      0.21582348749          1.0000000
1 1 1 1 1
     24.231865176            1.0000000
1 1 1 1 1
      6.4764514185           1.0000000
1 1 1 1 1
      2.1290884677           1.0000000
1 1 1 1 1
      1.0375639746           1.0000000
1 1 1 1 1
      0.54941275046          1.0000000
1 1 1 1 1
      0.28152652231          1.0000000
1 2 2 1 1
      9.7189810815           1.0000000
1 2 2 1 1
      3.0351475003           1.0000000
1 2 2 1 1
      1.4677737562           1.0000000
1 2 2 1 1
      0.57370827909          1.0000000
1 2 2 1 1
      0.29055589668          1.0000000
1 3 3 1 1
      2.2756201303           1.0000000
1 3 3 1 1
      1.1968898852           1.0000000
1 3 3 1 1
      0.54157487216          1.0000000
1 4 4 1 1
      1.2166101638           1.0000000

# Oxygen cc-pVTZ-RIFIT (8s,6p,5d,3f,1g) -> [8s,6p,5d,3f,1g]
O cc-pVTZ-RIFIT
    23
1 0 0 1 1
    366.54531503             1.0000000
1 0 0 1 1
     76.693314858            1.0000000
1 0 0 1 1
     24.573835091            1.0000000
1 0 0 1 1
      8.4165585072           1.0000000
1 0 0 1 1
      3.0202080356           1.0000000
1 0 0 1 1
      1.3331563617           1.0000000
1 0 0 1 1
      0.81250658727          1.0000000
1 0 0 1 1
      0.36505253662          1.0000000
1 1 1 1 1
     52.854386423            1.0000000
1 1 1 1 1
     15.021795824            1.0000000
1 1 1 1 1
      3.9137719482           1.0000000
1 1 1 1 1
      2.1678840611           1.0000000
1 1 1 1 1
      0.97419243984          1.0000000
1 1 1 1 1
      0.51845615412          1.0000000
1 2 2 1 1
     15.907733132            1.0000000
1 2 2 1 1
      5.3799329215           1.0000000
1 2 2 1 1
      2.9552623921           1.0000000
1 2 2 1 1
      1.1624458997           1.0000000
1 2 2 1 1
      0.50353399421          1.0000000
1 3 3 1 1
      4.6873846701           1.0000000
1 3 3 1 1
      2.1512789489           1.0000000
1 3 3 1 1
      1.0894068169           1.0000000
1 4 4 1 1
      2.3270964878           1.0000000

#----------------------------------------------------------------------
# Basis Set Exchange
# Version 0.11
# https://www.basissetexchange.org
#----------------------------------------------------------------------
#   Basis set: cc-pVQZ
# Description: cc-pVQZ
#        Role: orbital
#     Version: 1  (Data from ccRepo/Grant Hill)
#----------------------------------------------------------------------


# Hydrogen cc-pVQZ (6s,3p,2d,1f) -> [4s,3p,2d,1f]
H cc-pVQZ
    4
1 0 0 6 4
      8.264000E+01           0.000000E+00           0.000000E+00           2.006000E-03           0.000000E+00
      1.241000E+01           0.000000E+00           0.000000E+00           1.534300E-02           0.000000E+00
      2.824000E+00           0.000000E+00           0.000000E+00           7.557900E-02           0.000000E+00
      7.977000E-01           1.000000E+00           0.000000E+00           2.568750E-01           0.000000E+00
      2.581000E-01           0.000000E+00           1.000000E+00           4.973680E-01           0.000000E+00
      8.989000E-02           0.000000E+00           0.000000E+00           2.961330E-01           1.000000E+00
1 1 1 3 3
      2.292000E+00           1.000000E+00           0.000000E+00           0.000000E+00
      8.380000E-01           0.000000E+00           1.000000E+00           0.000000E+00
      2.920000E-01           0.000000E+00           0.000000E+00           1.000000E+00
1 2 2 2 2
      2.062000E+00           1.000000E+00           0.000000E+00
      6.620000E-01           0.000000E+00           1.000000E+00
1 3 3 1 1
      1.397000E+00           1.0000000

# Carbon cc-pVQZ (12s,6p,3d,2f,1g) -> [5s,4p,3d,2f,1g]
C cc-pVQZ
    5
1 0 0 12 5
      3.398000E+04           9.100000E-05           0.000000E+00           0.000000E+00          -1.900000E-05           0.000000E+00
      5.089000E+03           7.040000E-04           0.000000E+00           0.000000E+00          -1.510000E-04           0.000000E+00
      1.157000E+03           3.693000E-03           0.000000E+00           0.000000E+00          -7.850000E-04           0.000000E+00
      3.266000E+02           1.536000E-02           0.000000E+00           0.000000E+00          -3.324000E-03           0.000000E+00
      1.061000E+02           5.292900E-02           0.000000E+00           0.000000E+00          -1.151200E-02           0.000000E+00
      3.811000E+01           1.470430E-01           0.000000E+00           0.000000E+00          -3.416000E-02           0.000000E+00
      1.475000E+01           3.056310E-01           0.000000E+00           0.000000E+00          -7.717300E-02           0.000000E+00
      6.035000E+00           3.993450E-01           0.000000E+00           0.000000E+00          -1.414930E-01           0.000000E+00
      2.530000E+00           2.170510E-01           0.000000E+00           0.000000E+00          -1.180190E-01           0.000000E+00
      7.355000E-01           1.589400E-02           1.000000E+00           0.000000E+00           2.738060E-01           0.000000E+00
      2.905000E-01          -3.084000E-03           0.000000E+00           1.000000E+00           5.865100E-01           0.000000E+00
      1.111000E-01           9.780000E-04           0.000000E+00           0.000000E+00           2.854300E-01           1.000000E+00
1 1 1 6 4
      3.451000E+01           0.000000E+00           5.378000E-03           0.000000E+00           0.000000E+00
      7.915000E+00           0.000000E+00           3.613200E-02           0.000000E+00           0.000000E+00
      2.368000E+00           0.000000E+00           1.424930E-01           0.000000E+00           0.000000E+00
      8.132000E-01           1.000000E+00           3.421500E-01           0.000000E+00           0.000000E+00
      2.890000E-01           0.000000E+00           4.638640E-01           1.000000E+00           0.000000E+00
      1.007000E-01           0.000000E+00           2.500280E-01           0.000000E+00           1.000000E+00
1 2 2 3 3
      1.848000E+00           1.000000E+00           0.000000E+00           0.000000E+00
      6.490000E-01           0.000000E+00           1.000000E+00           0.000000E+00
      2.280000E-01           0.000000E+00           0.000000E+00           1.000000E+00
1 3 3 2 2
      1.419000E+00           1.000000E+00           0.000000E+00
      4.850000E-01           0.000000E+00           1.000000E+00
1 4 4 1 1
      1.011000E+00           1.0000000

# Oxygen cc-pVQZ (12s,6p,3d,2f,1g) -> [5s,4p,3d,2f,1g]
O cc-pVQZ
    5
1 0 0 12 5
      6.142000E+04           9.000000E-05           0.000000E+00           0.000000E+00          -2.000000E-05           0.000000E+00
      9.199000E+03           6.980000E-04           0.000000E+00           0.000000E+00          -1.590000E-04           0.000000E+00
      2.091000E+03           3.664000E-03           0.000000E+00           0.000000E+00          -8.290000E-04           0.000000E+00
      5.909000E+02           1.521800E-02           0.000000E+00           0.000000E+00          -3.508000E-03           0.000000E+00
      1.923000E+02           5.242300E-02           0.000000E+00           0.000000E+00          -1.215600E-02           0.000000E+00
      6.932000E+01           1.459210E-01           0.000000E+00           0.000000E+00          -3.626100E-02           0.000000E+00
      2.697000E+01           3.052580E-01           0.000000E+00           0.000000E+00          -8.299200E-02           0.000000E+00
      1.110000E+01           3.985080E-01           0.000000E+00           0.000000E+00          -1.520900E-01           0.000000E+00
      4.682000E+00           2.169800E-01           0.000000E+00           0.000000E+00          -1.153310E-01           0.000000E+00
      1.428000E+00           1.759400E-02           1.000000E+00           0.000000E+00           2.889790E-01           0.000000E+00
      5.547000E-01          -2.502000E-03           0.000000E+00           1.000000E+00           5.861280E-01           0.000000E+00
      2.067000E-01           9.540000E-04           0.000000E+00           0.000000E+00           2.776240E-01           1.000000E+00
1 1 1 6 4
      6.342000E+01           0.000000E+00           6.044000E-03           0.000000E+00           0.000000E+00
      1.466000E+01           0.000000E+00           4.179900E-02           0.000000E+00           0.000000E+00
      4.459000E+00           0.000000E+00           1.611430E-01           0.000000E+00           0.000000E+00
      1.531000E+00           1.000000E+00           3.567310E-01           0.000000E+00           0.000000E+00
      5.302000E-01           0.000000E+00           4.483090E-01           1.000000E+00           0.000000E+00
      1.750000E-01           0.000000E+00           2.449400E-01           0.000000E+00           1.000000E+00
1 2 2 3 3
      3.775000E+00           1.000000E+00           0.000000E+00           0.000000E+00
      1.300000E+00           0.000000E+00           1.000000E+00           0.000000E+00
      4.440000E-01           0.000000E+00           0.000000E+00           1.000000E+00
1 3 3 2 2
      2.666000E+00           1.000000E+00           0.000000E+00
      8.590000E-01           0.000000E+00           1.000000E+00
1 4 4 1 1
      1.846000E+00           1.0000000


#----------------------------------------------------------------------
# Basis Set Exchange
# Version 0.11
# https://www.basissetexchange.org
#----------------------------------------------------------------------
#   Basis set: cc-pVQZ-RIFIT
# Description: RI Fitting basis for use with cc-pVQZ
#        Role: rifit
#     Version: 1  (Data from Turbomole 7.3)
#----------------------------------------------------------------------


# Hydrogen cc-pVQZ-RIFIT (5s,4p,3d,2f,1g) -> [5s,4p,3d,2f,1g]
H cc-pVQZ-RIFIT
    15
1 0 0 1 1
     21.88353363             1.0000000
1 0 0 1 1
      4.30891017             1.0000000
1 0 0 1 1
      1.18248348             1.0000000
1 0 0 1 1
      0.43311133             1.0000000
1 0 0 1 1
      0.22763540             1.0000000
1 1 1 1 1
      3.22865328             1.0000000
1 1 1 1 1
      1.22856824             1.0000000
1 1 1 1 1
      0.51629315             1.0000000
1 1 1 1 1
      0.22450816             1.0000000
1 2 2 1 1
      2.77818064             1.0000000
1 2 2 1 1
      1.01771006             1.0000000
1 2 2 1 1
      0.52759834             1.0000000
1 3 3 1 1
      1.89643296             1.0000000
1 3 3 1 1
      0.67193094             1.0000000
1 4 4 1 1
      2.13088265             1.0000000

# Carbon cc-pVQZ-RIFIT (8s,7p,6d,5f,3g,1h) -> [8s,7p,6d,5f,3g,1h]
C cc-pVQZ-RIFIT
    30
1 0 0 1 1
    221.30970816             1.0000000
1 0 0 1 1
     47.11856582             1.0000000
1 0 0 1 1
      9.17152676             1.0000000
1 0 0 1 1
      4.17916823             1.0000000
1 0 0 1 1
      1.63920938             1.0000000
1 0 0 1 1
      0.87237134             1.0000000
1 0 0 1 1
      0.48964562             1.0000000
1 0 0 1 1
      0.24926145             1.0000000
1 1 1 1 1
     49.86226498             1.0000000
1 1 1 1 1
     12.32598201             1.0000000
1 1 1 1 1
      3.59064231             1.0000000
1 1 1 1 1
      1.68844402             1.0000000
1 1 1 1 1
      1.05338183             1.0000000
1 1 1 1 1
      0.51716817             1.0000000
1 1 1 1 1
      0.24545173             1.0000000
1 2 2 1 1
     16.93543364             1.0000000
1 2 2 1 1
      5.64028691             1.0000000
1 2 2 1 1
      2.20421529             1.0000000
1 2 2 1 1
      1.03101240             1.0000000
1 2 2 1 1
      0.59945554             1.0000000
1 2 2 1 1
      0.35214502             1.0000000
1 3 3 1 1
      5.44841115             1.0000000
1 3 3 1 1
      2.26301396             1.0000000
1 3 3 1 1
      1.73897844             1.0000000
1 3 3 1 1
      0.72979487             1.0000000
1 3 3 1 1
      0.34863256             1.0000000
1 4 4 1 1
      2.81277615             1.0000000
1 4 4 1 1
      1.34955758             1.0000000
1 4 4 1 1
      0.71325674             1.0000000
1 5 5 1 1
      1.48693611             1.0000000

# Oxygen cc-pVQZ-RIFIT (8s,7p,6d,5f,3g,1h) -> [8s,7p,6d,5f,3g,1h]
O cc-pVQZ-RIFIT
    30
1 0 0 1 1
    353.83035678             1.0000000
1 0 0 1 1
     75.357261710            1.0000000
1 0 0 1 1
     21.117406900            1.0000000
1 0 0 1 1
      5.2252556200           1.0000000
1 0 0 1 1
      2.5880879700           1.0000000
1 0 0 1 1
      1.5253313500           1.0000000
1 0 0 1 1
      0.71853188000          1.0000000
1 0 0 1 1
      0.31850176000          1.0000000
1 1 1 1 1
     88.557170360            1.0000000
1 1 1 1 1
     22.294394600            1.0000000
1 1 1 1 1
      6.5663064600           1.0000000
1 1 1 1 1
      3.3419619800           1.0000000
1 1 1 1 1
      1.8538951800           1.0000000
1 1 1 1 1
      0.86798989000          1.0000000
1 1 1 1 1
      0.47805185000          1.0000000
1 2 2 1 1
     25.394489460            1.0000000
1 2 2 1 1
      8.6360887100           1.0000000
1 2 2 1 1
      3.9106678000           1.0000000
1 2 2 1 1
      2.1402819600           1.0000000
1 2 2 1 1
      0.98946206000          1.0000000
1 2 2 1 1
      0.42309083000          1.0000000
1 3 3 1 1
     10.502388090            1.0000000
1 3 3 1 1
      4.4495593000           1.0000000
1 3 3 1 1
      2.9580200500           1.0000000
1 3 3 1 1
      1.3208390600           1.0000000
1 3 3 1 1
      0.73872352000          1.0000000
1 4 4 1 1
      4.9476228900           1.0000000
1 4 4 1 1
      2.5401950000           1.0000000
1 4 4 1 1
      1.2595085000           1.0000000
1 5 5 1 1
      2.7655405000           1.0000000


#----------------------------------------------------------------------
# Basis Set Exchange
# Version 0.11
# https://www.basissetexchange.org
#----------------------------------------------------------------------
#   Basis set: aug-cc-pVTZ
# Description: aug-cc-pVTZ
#        Role: orbital
#     Version: 1  (Data from ccRepo/Grant Hill)
#----------------------------------------------------------------------


# Hydrogen aug-cc-pVTZ (6s,3p,2d) -> [4s,3p,2d]
H aug-cc-pVTZ
    6
1 0 0 5 3
      3.387000E+01           0.000000E+00           6.068000E-03           0.000000E+00
      5.095000E+00           0.000000E+00           4.530800E-02           0.000000E+00
      1.159000E+00           0.000000E+00           2.028220E-01           0.000000E+00
      3.258000E-01           1.000000E+00           5.039030E-01           0.000000E+00
      1.027000E-01           0.000000E+00           3.834210E-01           1.000000E+00
1 0 0 1 1
      0.0252600              1.0000000
1 1 1 2 2
      1.407000E+00           1.000000E+00           0.000000E+00
      3.880000E-01           0.000000E+00           1.000000E+00
1 1 1 1 1
      0.1020000              1.0000000
1 2 2 1 1
      1.057000E+00           1.0000000
1 2 2 1 1
      0.2470000              1.0000000

# Carbon aug-cc-pVTZ (11s,6p,3d,2f) -> [5s,4p,3d,2f]
C aug-cc-pVTZ
    8
1 0 0 10 4
      8.236000E+03           5.310000E-04           0.000000E+00          -1.130000E-04           0.000000E+00
      1.235000E+03           4.108000E-03           0.000000E+00          -8.780000E-04           0.000000E+00
      2.808000E+02           2.108700E-02           0.000000E+00          -4.540000E-03           0.000000E+00
      7.927000E+01           8.185300E-02           0.000000E+00          -1.813300E-02           0.000000E+00
      2.559000E+01           2.348170E-01           0.000000E+00          -5.576000E-02           0.000000E+00
      8.997000E+00           4.344010E-01           0.000000E+00          -1.268950E-01           0.000000E+00
      3.319000E+00           3.461290E-01           0.000000E+00          -1.703520E-01           0.000000E+00
      9.059000E-01           3.937800E-02           1.000000E+00           1.403820E-01           0.000000E+00
      3.643000E-01          -8.983000E-03           0.000000E+00           5.986840E-01           0.000000E+00
      1.285000E-01           2.385000E-03           0.000000E+00           3.953890E-01           1.000000E+00
1 0 0 1 1
      0.0440200              1.0000000
1 1 1 5 3
      1.871000E+01           0.000000E+00           1.403100E-02           0.000000E+00
      4.133000E+00           0.000000E+00           8.686600E-02           0.000000E+00
      1.200000E+00           0.000000E+00           2.902160E-01           0.000000E+00
      3.827000E-01           1.000000E+00           5.010080E-01           0.000000E+00
      1.209000E-01           0.000000E+00           3.434060E-01           1.000000E+00
1 1 1 1 1
      0.0356900              1.0000000
1 2 2 2 2
      1.097000E+00           1.000000E+00           0.000000E+00
      3.180000E-01           0.000000E+00           1.000000E+00
1 2 2 1 1
      0.1000000              1.0000000
1 3 3 1 1
      7.610000E-01           1.0000000
1 3 3 1 1
      0.2680000              1.0000000

# Oxygen aug-cc-pVTZ (11s,6p,3d,2f) -> [5s,4p,3d,2f]
O aug-cc-pVTZ
    8
1 0 0 10 4
      1.533000E+04           5.080000E-04           0.000000E+00          -1.150000E-04           0.000000E+00
      2.299000E+03           3.929000E-03           0.000000E+00          -8.950000E-04           0.000000E+00
      5.224000E+02           2.024300E-02           0.000000E+00          -4.636000E-03           0.000000E+00
      1.473000E+02           7.918100E-02           0.000000E+00          -1.872400E-02           0.000000E+00
      4.755000E+01           2.306870E-01           0.000000E+00          -5.846300E-02           0.000000E+00
      1.676000E+01           4.331180E-01           0.000000E+00          -1.364630E-01           0.000000E+00
      6.207000E+00           3.502600E-01           0.000000E+00          -1.757400E-01           0.000000E+00
      1.752000E+00           4.272800E-02           1.000000E+00           1.609340E-01           0.000000E+00
      6.882000E-01          -8.154000E-03           0.000000E+00           6.034180E-01           0.000000E+00
      2.384000E-01           2.381000E-03           0.000000E+00           3.787650E-01           1.000000E+00
1 0 0 1 1
      0.0737600              1.0000000
1 1 1 5 3
      3.446000E+01           0.000000E+00           1.592800E-02           0.000000E+00
      7.749000E+00           0.000000E+00           9.974000E-02           0.000000E+00
      2.280000E+00           0.000000E+00           3.104920E-01           0.000000E+00
      7.156000E-01           1.000000E+00           4.910260E-01           0.000000E+00
      2.140000E-01           0.000000E+00           3.363370E-01           1.000000E+00
1 1 1 1 1
      0.0597400              1.0000000
1 2 2 2 2
      2.314000E+00           1.000000E+00           0.000000E+00
      6.450000E-01           0.000000E+00           1.000000E+00
1 2 2 1 1
      0.2140000              1.0000000
1 3 3 1 1
      1.428000E+00           1.0000000
1 3 3 1 1
      0.5000000              1.0000000

#----------------------------------------------------------------------
# Basis Set Exchange
# Version 0.11
# https://www.basissetexchange.org
#----------------------------------------------------------------------
#   Basis set: aug-cc-pVTZ-RIFIT
# Description: RI Fitting basis for use with aug-cc-pVTZ
#        Role: rifit
#     Version: 1  (Data from Turbomole 7.3)
#----------------------------------------------------------------------


# Hydrogen aug-cc-pVTZ-RIFIT (5s,4p,3d,2f) -> [5s,4p,3d,2f]
H aug-cc-pVTZ-RIFIT
    14
1 0 0 1 1
      8.5128275910           1.0000000
1 0 0 1 1
      1.8730891166           1.0000000
1 0 0 1 1
      0.52618426941          1.0000000
1 0 0 1 1
      0.28973989936          1.0000000
1 0 0 1 1
      0.12719436063          1.0000000
1 1 1 1 1
      2.3725491635           1.0000000
1 1 1 1 1
      1.1804084468           1.0000000
1 1 1 1 1
      0.60382204241          1.0000000
1 1 1 1 1
      0.23551289521          1.0000000
1 2 2 1 1
      1.8096373189           1.0000000
1 2 2 1 1
      1.1439726055           1.0000000
1 2 2 1 1
      0.43665405053          1.0000000
1 3 3 1 1
      1.8063060576           1.0000000
1 3 3 1 1
      0.25297787763          1.0000000

# Carbon aug-cc-pVTZ-RIFIT (9s,7p,6d,4f,2g) -> [9s,7p,6d,4f,2g]
C aug-cc-pVTZ-RIFIT
    28
1 0 0 1 1
    280.55661188             1.0000000
1 0 0 1 1
     60.230247191            1.0000000
1 0 0 1 1
     22.116650824            1.0000000
1 0 0 1 1
      6.8620932896           1.0000000
1 0 0 1 1
      1.5622549539           1.0000000
1 0 0 1 1
      0.91245045495          1.0000000
1 0 0 1 1
      0.50274917044          1.0000000
1 0 0 1 1
      0.21582348749          1.0000000
1 0 0 1 1
      0.10153627861          1.0000000
1 1 1 1 1
     24.231865176            1.0000000
1 1 1 1 1
      6.4764514185           1.0000000
1 1 1 1 1
      2.1290884677           1.0000000
1 1 1 1 1
      1.0375639746           1.0000000
1 1 1 1 1
      0.54941275046          1.0000000
1 1 1 1 1
      0.28152652231          1.0000000
1 1 1 1 1
      0.11505954436          1.0000000
1 2 2 1 1
      9.7189810815           1.0000000
1 2 2 1 1
      3.0351475003           1.0000000
1 2 2 1 1
      1.4677737562           1.0000000
1 2 2 1 1
      0.57370827909          1.0000000
1 2 2 1 1
      0.29055589668          1.0000000
1 2 2 1 1
      0.14890456005          1.0000000
1 3 3 1 1
      2.2756201303           1.0000000
1 3 3 1 1
      1.1968898852           1.0000000
1 3 3 1 1
      0.54157487216          1.0000000
1 3 3 1 1
      0.20179277037          1.0000000
1 4 4 1 1
      1.2166101638           1.0000000
1 4 4 1 1
      0.43599752945          1.0000000

# Oxygen aug-cc-pVTZ-RIFIT (9s,7p,6d,4f,2g) -> [9s,7p,6d,4f,2g]
O aug-cc-pVTZ-RIFIT
    28
1 0 0 1 1
    366.54531503             1.0000000
1 0 0 1 1
     76.693314858            1.0000000
1 0 0 1 1
     24.573835091            1.0000000
1 0 0 1 1
      8.4165585072           1.0000000
1 0 0 1 1
      3.0202080356           1.0000000
1 0 0 1 1
      1.3331563617           1.0000000
1 0 0 1 1
      0.81250658727          1.0000000
1 0 0 1 1
      0.36505253662          1.0000000
1 0 0 1 1
      0.11211820118          1.0000000
1 1 1 1 1
     52.854386423            1.0000000
1 1 1 1 1
     15.021795824            1.0000000
1 1 1 1 1
      3.9137719482           1.0000000
1 1 1 1 1
      2.1678840611           1.0000000
1 1 1 1 1
      0.97419243984          1.0000000
1 1 1 1 1
      0.51845615412          1.0000000
1 1 1 1 1
      0.21354459926          1.0000000
1 2 2 1 1
     15.907733132            1.0000000
1 2 2 1 1
      5.3799329215           1.0000000
1 2 2 1 1
      2.9552623921           1.0000000
1 2 2 1 1
      1.1624458997           1.0000000
1 2 2 1 1
      0.50353399421          1.0000000
1 2 2 1 1
      0.16734574676          1.0000000
1 3 3 1 1
      4.6873846701           1.0000000
1 3 3 1 1
      2.1512789489           1.0000000
1 3 3 1 1
      1.0894068169           1.0000000
1 3 3 1 1
      0.40383704543          1.0000000
1 4 4 1 1
      2.3270964878           1.0000000
1 4 4 1 1
      0.78655757162          1.0000000


